0.000000	29.601000
0.000205	29.929000
0.000411	29.929000
0.000616	30.562000
0.000821	30.562000
0.001027	30.562000
0.001232	30.562000
0.001437	30.562000
0.001643	30.562000
0.001848	30.026000
0.002053	29.575000
0.002259	28.684000
0.002464	27.945000
0.002669	27.490000
0.002875	26.834000
0.003080	25.595000
0.003285	24.486000
0.003491	24.057000
0.003696	22.411000
0.003901	21.414000
0.004107	20.525000
0.004312	19.719000
0.004517	18.962000
0.004723	18.449000
0.004928	18.074000
0.005133	17.708000
0.005339	17.411000
0.005544	17.232000
0.005749	16.872000
0.005955	16.775000
0.006160	16.725000
0.006365	16.672000
0.006571	16.564000
0.006776	16.546000
0.006981	16.522000
0.007187	16.517000
0.007392	16.443000
0.007597	16.426000
0.007803	16.415000
0.008008	16.354000
0.008213	16.312000
0.008419	16.266000
0.008624	16.228000
0.008830	16.180000
0.009035	16.158000
0.009240	16.126000
0.009446	16.083000
0.009651	16.053000
0.009856	15.979000
0.010062	15.960000
0.010267	15.948000
0.010472	15.943000
0.010678	15.935000
0.010883	15.920000
0.011088	15.913000
0.011294	15.897000
0.011499	15.892000
0.011704	15.887000
0.011910	15.875000
0.012115	15.872000
0.012320	15.861000
0.012526	15.860000
0.012731	15.859000
0.012936	15.859000
0.013142	15.859000
0.013347	15.859000
0.013552	15.850000
0.013758	15.851000
0.013963	15.851000
0.014168	15.852000
0.014374	15.845000
0.014579	15.838000
0.014784	15.831000
0.014990	15.826000
0.015195	15.820000
0.015400	15.815000
0.015606	15.811000
0.015811	15.807000
0.016016	15.803000
0.016222	15.799000
0.016427	15.796000
0.016632	15.793000
0.016838	15.791000
0.017043	15.788000
0.017248	15.786000
0.017454	15.784000
0.017659	15.782000
0.017864	15.781000
0.018070	15.779000
0.018275	15.778000
0.018480	15.776000
0.018686	15.775000
0.018891	15.774000
0.019096	15.773000
0.019302	15.772000
0.019507	15.771000
0.019712	15.770000
0.019918	15.769000
0.020123	15.768000
0.020328	15.767000
0.020534	15.766000
0.020739	15.765000
0.020944	15.763000
0.021150	15.762000
0.021355	15.761000
0.021560	15.760000
0.021766	15.759000
0.021971	15.758000
0.022176	15.756000
0.022382	15.755000
0.022587	15.754000
0.022792	15.753000
0.022998	15.752000
0.023203	15.751000
0.023408	15.749000
0.023614	15.748000
0.023819	15.747000
0.024024	15.746000
0.024230	15.745000
0.024435	15.745000
0.024640	15.744000
0.024846	15.743000
0.025051	15.742000
0.025256	15.742000
0.025462	15.741000
0.025667	15.740000
0.025872	15.739000
0.026078	15.738000
0.026283	15.737000
0.026489	15.736000
0.026694	15.735000
0.026899	15.735000
0.027105	15.734000
0.027310	15.733000
0.027515	15.732000
0.027721	15.731000
0.027926	15.730000
0.028131	15.729000
0.028337	15.728000
0.028542	15.727000
0.028747	15.726000
0.028953	15.725000
0.029158	15.724000
0.029363	15.723000
0.029569	15.722000
0.029774	15.721000
0.029979	15.720000
0.030185	15.719000
0.030390	15.719000
0.030595	15.718000
0.030801	15.717000
0.031006	15.717000
0.031211	15.716000
0.031417	15.716000
0.031622	15.716000
0.031827	15.715000
0.032033	15.715000
0.032238	15.715000
0.032443	15.714000
0.032649	15.714000
0.032854	15.714000
0.033059	15.714000
0.033265	15.713000
0.033470	15.713000
0.033675	15.713000
0.033881	15.713000
0.034086	15.713000
0.034291	15.713000
0.034497	15.713000
0.034702	15.713000
0.034907	15.713000
0.035113	15.713000
0.035318	15.713000
0.035523	15.713000
0.035729	15.713000
0.035934	15.713000
0.036139	15.714000
0.036345	15.714000
0.036550	15.714000
0.036755	15.714000
0.036961	15.714000
0.037166	15.715000
0.037371	15.715000
0.037577	15.716000
0.037782	15.717000
0.037987	15.718000
0.038193	15.719000
0.038398	15.720000
0.038603	15.721000
0.038809	15.722000
0.039014	15.723000
0.039219	15.724000
0.039425	15.725000
0.039630	15.726000
0.039835	15.727000
0.040041	15.729000
0.040246	15.730000
0.040451	15.731000
0.040657	15.733000
0.040862	15.734000
0.041067	15.734000
0.041273	15.735000
0.041478	15.736000
0.041683	15.736000
0.041889	15.737000
0.042094	15.737000
0.042299	15.737000
0.042505	15.737000
0.042710	15.737000
0.042915	15.737000
0.043121	15.737000
0.043326	15.737000
0.043532	15.736000
0.043737	15.735000
0.043942	15.735000
0.044148	15.734000
0.044353	15.733000
0.044558	15.732000
0.044764	15.732000
0.044969	15.731000
0.045174	15.730000
0.045380	15.729000
0.045585	15.728000
0.045790	15.727000
0.045996	15.726000
0.046201	15.726000
0.046406	15.725000
0.046612	15.724000
0.046817	15.724000
0.047022	15.723000
0.047228	15.723000
0.047433	15.722000
0.047638	15.722000
0.047844	15.722000
0.048049	15.721000
0.048254	15.720000
0.048460	15.720000
0.048665	15.719000
0.048870	15.719000
0.049076	15.719000
0.049281	15.719000
0.049486	15.718000
0.049692	15.718000
0.049897	15.717000
0.050102	15.717000
0.050308	15.716000
0.050513	15.715000
0.050718	15.715000
0.050924	15.714000
0.051129	15.713000
0.051334	15.713000
0.051540	15.712000
0.051745	15.711000
0.051950	15.711000
0.052156	15.710000
0.052361	15.710000
0.052566	15.709000
0.052772	15.708000
0.052977	15.708000
0.053182	15.707000
0.053388	15.707000
0.053593	15.706000
0.053798	15.706000
0.054004	15.706000
0.054209	15.706000
0.054414	15.706000
0.054620	15.706000
0.054825	15.705000
0.055030	15.705000
0.055236	15.705000
0.055441	15.704000
0.055646	15.704000
0.055852	15.704000
0.056057	15.704000
0.056262	15.704000
0.056468	15.704000
0.056673	15.704000
0.056878	15.704000
0.057084	15.703000
0.057289	15.703000
0.057494	15.703000
0.057700	15.703000
0.057905	15.702000
0.058110	15.702000
0.058316	15.702000
0.058521	15.701000
0.058726	15.701000
0.058932	15.701000
0.059137	15.700000
0.059342	15.700000
0.059548	15.699000
0.059753	15.698000
0.059958	15.698000
0.060164	15.697000
0.060369	15.696000
0.060575	15.696000
0.060780	15.695000
0.060985	15.694000
0.061191	15.694000
0.061396	15.693000
0.061601	15.693000
0.061807	15.692000
0.062012	15.692000
0.062217	15.691000
0.062423	15.691000
0.062628	15.690000
0.062833	15.690000
0.063039	15.690000
0.063244	15.690000
0.063449	15.690000
0.063655	15.691000
0.063860	15.691000
0.064065	15.692000
0.064271	15.692000
0.064476	15.692000
0.064681	15.693000
0.064887	15.693000
0.065092	15.694000
0.065297	15.695000
0.065503	15.696000
0.065708	15.696000
0.065913	15.697000
0.066119	15.698000
0.066324	15.699000
0.066529	15.699000
0.066735	15.700000
0.066940	15.701000
0.067145	15.702000
0.067351	15.703000
0.067556	15.703000
0.067761	15.704000
0.067967	15.704000
0.068172	15.705000
0.068377	15.705000
0.068583	15.705000
0.068788	15.706000
0.068993	15.706000
0.069199	15.707000
0.069404	15.707000
0.069609	15.708000
0.069815	15.709000
0.070020	15.709000
0.070225	15.710000
0.070431	15.711000
0.070636	15.712000
0.070841	15.713000
0.071047	15.714000
0.071252	15.715000
0.071457	15.716000
0.071663	15.717000
0.071868	15.718000
0.072073	15.718000
0.072279	15.719000
0.072484	15.720000
0.072689	15.721000
0.072895	15.722000
0.073100	15.723000
0.073305	15.723000
0.073511	15.724000
0.073716	15.725000
0.073921	15.725000
0.074127	15.725000
0.074332	15.726000
0.074537	15.726000
0.074743	15.726000
0.074948	15.727000
0.075153	15.727000
0.075359	15.728000
0.075564	15.728000
0.075769	15.729000
0.075975	15.729000
0.076180	15.730000
0.076385	15.730000
0.076591	15.730000
0.076796	15.730000
0.077001	15.730000
0.077207	15.731000
0.077412	15.731000
0.077617	15.731000
0.077823	15.732000
0.078028	15.732000
0.078234	15.733000
0.078439	15.733000
0.078644	15.734000
0.078850	15.735000
0.079055	15.735000
0.079260	15.736000
0.079466	15.736000
0.079671	15.737000
0.079876	15.737000
0.080082	15.738000
0.080287	15.738000
0.080492	15.738000
0.080698	15.738000
0.080903	15.738000
0.081108	15.738000
0.081314	15.738000
0.081519	15.738000
0.081724	15.738000
0.081930	15.738000
0.082135	15.737000
0.082340	15.737000
0.082546	15.736000
0.082751	15.736000
0.082956	15.735000
0.083162	15.734000
0.083367	15.732000
0.083572	15.731000
0.083778	15.730000
0.083983	15.729000
0.084188	15.728000
0.084394	15.727000
0.084599	15.726000
0.084804	15.726000
0.085010	15.725000
0.085215	15.724000
0.085420	15.723000
0.085626	15.723000
0.085831	15.722000
0.086036	15.721000
0.086242	15.721000
0.086447	15.720000
0.086652	15.720000
0.086858	15.719000
0.087063	15.718000
0.087268	15.718000
0.087474	15.717000
0.087679	15.716000
0.087884	15.716000
0.088090	15.715000
0.088295	15.715000
0.088500	15.714000
0.088706	15.713000
0.088911	15.712000
0.089116	15.711000
0.089322	15.710000
0.089527	15.709000
0.089732	15.708000
0.089938	15.707000
0.090143	15.707000
0.090348	15.706000
0.090554	15.705000
0.090759	15.704000
0.090964	15.703000
0.091170	15.702000
0.091375	15.702000
0.091580	15.701000
0.091786	15.701000
0.091991	15.700000
0.092196	15.700000
0.092402	15.700000
0.092607	15.700000
0.092812	15.700000
0.093018	15.700000
0.093223	15.700000
0.093428	15.701000
0.093634	15.701000
0.093839	15.702000
0.094044	15.702000
0.094250	15.703000
0.094455	15.703000
0.094660	15.704000
0.094866	15.705000
0.095071	15.705000
0.095277	15.706000
0.095482	15.706000
0.095687	15.707000
0.095893	15.707000
0.096098	15.708000
0.096303	15.708000
0.096509	15.708000
0.096714	15.708000
0.096919	15.709000
0.097125	15.709000
0.097330	15.710000
0.097535	15.710000
0.097741	15.711000
0.097946	15.711000
0.098151	15.711000
0.098357	15.711000
0.098562	15.712000
0.098767	15.712000
0.098973	15.712000
0.099178	15.713000
0.099383	15.713000
0.099589	15.714000
0.099794	15.714000
0.099999	15.715000
0.100205	15.715000
0.100410	15.715000
0.100615	15.716000
0.100821	15.716000
0.101026	15.716000
0.101231	15.717000
0.101437	15.717000
0.101642	15.718000
0.101847	15.718000
0.102053	15.718000
0.102258	15.719000
0.102463	15.719000
0.102669	15.720000
0.102874	15.720000
0.103079	15.720000
0.103285	15.721000
0.103490	15.721000
0.103695	15.721000
0.103901	15.722000
0.104106	15.722000
0.104311	15.723000
0.104517	15.723000
0.104722	15.723000
0.104927	15.723000
0.105133	15.723000
0.105338	15.722000
0.105543	15.722000
0.105749	15.721000
0.105954	15.720000
0.106159	15.719000
0.106365	15.718000
0.106570	15.717000
0.106775	15.716000
0.106981	15.714000
0.107186	15.713000
0.107391	15.712000
0.107597	15.710000
0.107802	15.708000
0.108007	15.706000
0.108213	15.705000
0.108418	15.703000
0.108623	15.702000
0.108829	15.700000
0.109034	15.699000
0.109239	15.697000
0.109445	15.696000
0.109650	15.695000
0.109855	15.693000
0.110061	15.692000
0.110266	15.692000
0.110471	15.691000
0.110677	15.690000
0.110882	15.690000
0.111087	15.689000
0.111293	15.689000
0.111498	15.688000
0.111703	15.687000
0.111909	15.687000
0.112114	15.686000
0.112320	15.685000
0.112525	15.685000
0.112730	15.684000
0.112936	15.684000
0.113141	15.684000
0.113346	15.684000
0.113552	15.684000
0.113757	15.684000
0.113962	15.683000
0.114168	15.683000
0.114373	15.682000
0.114578	15.682000
0.114784	15.681000
0.114989	15.680000
0.115194	15.680000
0.115400	15.679000
0.115605	15.679000
0.115810	15.679000
0.116016	15.679000
0.116221	15.679000
0.116426	15.679000
0.116632	15.679000
0.116837	15.679000
0.117042	15.679000
0.117248	15.679000
0.117453	15.679000
0.117658	15.679000
0.117864	15.679000
0.118069	15.679000
0.118274	15.680000
0.118480	15.680000
0.118685	15.681000
0.118890	15.682000
0.119096	15.683000
0.119301	15.684000
0.119506	15.685000
0.119712	15.686000
0.119917	15.687000
0.120122	15.688000
0.120328	15.690000
0.120533	15.691000
0.120738	15.692000
0.120944	15.693000
0.121149	15.694000
0.121354	15.694000
0.121560	15.695000
0.121765	15.697000
0.121970	15.698000
0.122176	15.699000
0.122381	15.700000
0.122586	15.700000
0.122792	15.701000
0.122997	15.701000
0.123202	15.702000
0.123408	15.702000
0.123613	15.702000
0.123818	15.702000
0.124024	15.702000
0.124229	15.702000
0.124434	15.701000
0.124640	15.701000
0.124845	15.701000
0.125050	15.700000
0.125256	15.700000
0.125461	15.700000
0.125666	15.699000
0.125872	15.698000
0.126077	15.698000
0.126282	15.697000
0.126488	15.697000
0.126693	15.696000
0.126898	15.695000
0.127104	15.695000
0.127309	15.695000
0.127514	15.694000
0.127720	15.694000
0.127925	15.694000
0.128130	15.694000
0.128336	15.694000
0.128541	15.694000
0.128746	15.694000
0.128952	15.693000
0.129157	15.693000
0.129362	15.693000
0.129568	15.693000
0.129773	15.693000
0.129979	15.693000
0.130184	15.693000
0.130389	15.692000
0.130595	15.692000
0.130800	15.692000
0.131005	15.691000
0.131211	15.691000
0.131416	15.691000
0.131621	15.691000
0.131827	15.690000
0.132032	15.690000
0.132237	15.689000
0.132443	15.689000
0.132648	15.688000
0.132853	15.688000
0.133059	15.687000
0.133264	15.687000
0.133469	15.686000
0.133675	15.686000
0.133880	15.685000
0.134085	15.685000
0.134291	15.685000
0.134496	15.685000
0.134701	15.685000
0.134907	15.685000
0.135112	15.685000
0.135317	15.685000
0.135523	15.684000
0.135728	15.684000
0.135933	15.684000
0.136139	15.684000
0.136344	15.684000
0.136549	15.684000
0.136755	15.684000
0.136960	15.684000
0.137165	15.684000
0.137371	15.685000
0.137576	15.685000
0.137781	15.685000
0.137987	15.686000
0.138192	15.686000
0.138397	15.686000
0.138603	15.687000
0.138808	15.687000
0.139013	15.687000
0.139219	15.687000
0.139424	15.687000
0.139629	15.687000
0.139835	15.686000
0.140040	15.686000
0.140245	15.686000
0.140451	15.686000
0.140656	15.685000
0.140861	15.685000
0.141067	15.685000
0.141272	15.684000
0.141477	15.684000
0.141683	15.684000
0.141888	15.683000
0.142093	15.682000
0.142299	15.682000
0.142504	15.681000
0.142709	15.681000
0.142915	15.681000
0.143120	15.681000
0.143325	15.680000
0.143531	15.681000
0.143736	15.681000
0.143941	15.681000
0.144147	15.681000
0.144352	15.681000
0.144557	15.681000
0.144763	15.681000
0.144968	15.681000
0.145173	15.681000
0.145379	15.681000
0.145584	15.681000
0.145789	15.681000
0.145995	15.681000
0.146200	15.681000
0.146405	15.682000
0.146611	15.682000
0.146816	15.683000
0.147022	15.683000
0.147227	15.684000
0.147432	15.684000
0.147638	15.684000
0.147843	15.685000
0.148048	15.685000
0.148254	15.685000
0.148459	15.685000
0.148664	15.685000
0.148870	15.686000
0.149075	15.686000
0.149280	15.687000
0.149486	15.687000
0.149691	15.687000
0.149896	15.688000
0.150102	15.688000
0.150307	15.689000
0.150512	15.689000
0.150718	15.689000
0.150923	15.689000
0.151128	15.689000
0.151334	15.689000
0.151539	15.689000
0.151744	15.689000
0.151950	15.689000
0.152155	15.688000
0.152360	15.688000
0.152566	15.688000
0.152771	15.688000
0.152976	15.688000
0.153182	15.688000
0.153387	15.688000
0.153592	15.688000
0.153798	15.688000
0.154003	15.688000
0.154208	15.688000
0.154414	15.688000
0.154619	15.688000
0.154824	15.689000
0.155030	15.689000
0.155235	15.690000
0.155440	15.690000
0.155646	15.691000
0.155851	15.692000
0.156056	15.692000
0.156262	15.693000
0.156467	15.693000
0.156672	15.694000
0.156878	15.694000
0.157083	15.695000
0.157288	15.695000
0.157494	15.695000
0.157699	15.695000
0.157904	15.695000
0.158110	15.695000
0.158315	15.695000
0.158520	15.694000
0.158726	15.694000
0.158931	15.693000
0.159136	15.693000
0.159342	15.692000
0.159547	15.691000
0.159752	15.691000
0.159958	15.690000
0.160163	15.690000
0.160368	15.689000
0.160574	15.689000
0.160779	15.689000
0.160984	15.689000
0.161190	15.689000
0.161395	15.690000
0.161600	15.690000
0.161806	15.690000
0.162011	15.691000
0.162216	15.691000
0.162422	15.691000
0.162627	15.692000
0.162832	15.692000
0.163038	15.693000
0.163243	15.693000
0.163448	15.694000
0.163654	15.694000
0.163859	15.695000
0.164065	15.693000
0.164270	15.692000
0.164475	15.690000
0.164681	15.698000
0.164886	15.694000
0.165091	15.694000
0.165297	15.694000
0.165502	15.694000
0.165707	15.694000
0.165913	15.694000
0.166118	15.694000
0.166323	15.695000
0.166529	15.695000
0.166734	15.695000
0.166939	15.695000
0.167145	15.694000
0.167350	15.694000
0.167555	15.693000
0.167761	15.694000
0.167966	15.691000
0.168171	15.691000
0.168377	15.708000
0.168582	15.691000
0.168787	15.692000
0.168993	15.654000
0.169198	15.652000
0.169403	15.651000
0.169609	16.071000
0.169814	25.802000
0.170019	28.157000
0.170225	28.938000
0.170430	29.354000
0.170635	29.547000
0.170841	29.555000
0.171046	29.555000
0.171251	29.548000
0.171457	29.515000
0.171662	29.451000
0.171867	29.303000
0.172073	28.599000
0.172278	27.440000
0.172483	26.053000
0.172689	24.821000
0.172894	23.747000
0.173099	22.683000
0.173305	22.222000
0.173510	20.499000
0.173715	19.420000
0.173921	18.424000
0.174126	17.739000
0.174331	17.121000
0.174537	16.172000
0.174742	15.811000
0.174947	14.898000
0.175153	14.701000
0.175358	14.196000
0.175563	14.055000
0.175769	13.974000
0.175974	13.863000
0.176179	13.535000
0.176385	13.388000
0.176590	13.375000
0.176795	13.303000
0.177001	13.041000
0.177206	13.006000
0.177411	12.737000
0.177617	12.544000
0.177822	12.352000
0.178027	12.154000
0.178233	11.922000
0.178438	11.766000
0.178643	11.626000
0.178849	11.371000
0.179054	11.163000
0.179259	11.015000
0.179465	10.737000
0.179670	10.628000
0.179875	10.372000
0.180081	10.093000
0.180286	9.971000
0.180491	9.872000
0.180697	9.536000
0.180902	9.223000
0.181107	8.985000
0.181313	8.650000
0.181518	8.432000
0.181724	8.217000
0.181929	7.937000
0.182134	7.513000
0.182340	7.251000
0.182545	6.463000
0.182750	5.326000
0.182956	4.713000
0.183161	4.713000
0.183366	4.713000
0.183572	4.937000
0.183777	5.497000
0.183982	5.562000
0.184188	5.562000
0.184393	6.218000
0.184598	6.218000
0.184804	6.721000
0.185009	6.777000
0.185214	6.866000
0.185420	6.866000
0.185625	7.365000
0.185830	7.526000
0.186036	7.639000
0.186241	7.676000
0.186446	8.031000
0.186652	8.273000
0.186857	8.556000
0.187062	8.904000
0.187268	9.031000
0.187473	9.057000
0.187678	9.063000
0.187884	9.063000
0.188089	9.187000
0.188294	9.292000
0.188500	9.292000
0.188705	9.287000
0.188910	9.287000
0.189116	9.287000
0.189321	9.281000
0.189526	9.150000
0.189732	9.011000
0.189937	8.985000
0.190142	8.532000
0.190348	8.336000
0.190553	8.227000
0.190758	7.816000
0.190964	7.130000
0.191169	6.740000
0.191374	6.072000
0.191580	5.995000
0.191785	5.216000
0.191990	4.463000
0.192196	2.793000
0.192401	0.000000
0.192606	0.000000
0.192812	0.000000
0.193017	0.000000
0.193222	0.000000
0.193428	0.000000
0.193633	0.000000
0.193838	0.000000
0.194044	0.000000
0.194249	0.000000
0.194454	0.000000
0.194660	0.000000
0.194865	0.000000
0.195070	0.000000
0.195276	0.000000
0.195481	4.355000
0.195686	5.021000
0.195892	5.290000
0.196097	6.046000
0.196302	6.170000
0.196508	6.399000
0.196713	6.866000
0.196918	7.083000
0.197124	7.251000
0.197329	7.251000
0.197534	7.114000
0.197740	7.002000
0.197945	7.002000
0.198150	7.002000
0.198356	7.002000
0.198561	7.018000
0.198767	7.161000
0.198972	7.280000
0.199177	7.337000
0.199383	7.337000
0.199588	7.099000
0.199793	7.002000
0.199999	6.901000
0.200204	6.866000
0.200409	6.866000
0.200615	6.866000
0.200820	6.813000
0.201025	6.777000
0.201231	6.777000
0.201436	6.777000
0.201641	6.777000
0.201847	6.777000
0.202052	6.918000
0.202257	6.586000
0.202463	6.242000
0.202668	6.097000
0.202873	5.995000
0.203079	5.832000
0.203284	5.101000
0.203489	5.101000
0.203695	5.101000
0.203900	5.290000
0.204105	5.464000
0.204311	5.464000
0.204516	5.361000
0.204721	5.361000
0.204927	5.326000
0.205132	4.979000
0.205337	4.937000
0.205543	4.805000
0.205748	4.410000
0.205953	3.925000
0.206159	3.925000
0.206364	4.057000
0.206569	3.925000
0.206775	4.057000
0.206980	3.474000
0.207185	3.474000
0.207391	3.010000
0.207596	2.551000
0.207801	0.000000
0.208007	0.000000
0.208212	0.000000
0.208417	0.000000
0.208623	0.000000
0.208828	0.000000
0.209033	0.000000
0.209239	0.000000
0.209444	0.000000
0.209649	0.000000
0.209855	0.000000
0.210060	0.000000
0.210265	0.000000
0.210471	0.290000
0.210676	0.290000
0.210881	0.290000
0.211087	2.904000
0.211292	3.208000
0.211497	4.713000
0.211703	4.937000
0.211908	5.326000
0.212113	5.562000
0.212319	5.593000
0.212524	5.593000
0.212729	5.593000
0.212935	5.775000
0.213140	5.775000
0.213345	6.311000
0.213551	6.586000
0.213756	6.626000
0.213961	6.586000
0.214167	6.399000
0.214372	6.399000
0.214577	6.399000
0.214783	6.586000
0.214988	6.586000
0.215193	6.586000
0.215399	6.333000
0.215604	6.311000
0.215810	5.968000
0.216015	5.968000
0.216220	5.968000
0.216426	6.046000
0.216631	6.265000
0.216836	6.740000
0.217042	6.333000
0.217247	6.333000
0.217452	5.942000
0.217658	5.942000
0.217863	5.942000
0.218068	6.484000
0.218274	6.546000
0.218479	6.484000
0.218684	6.122000
0.218890	6.122000
0.219095	6.122000
0.219300	6.046000
0.219506	5.101000
0.219711	5.101000
0.219916	5.101000
0.220122	5.179000
0.220327	5.179000
0.220532	5.361000
0.220738	5.061000
0.220943	4.937000
0.221148	4.937000
0.221354	4.937000
0.221559	5.562000
0.221764	5.562000
0.221970	4.665000
0.222175	4.120000
0.222380	3.992000
0.222586	2.551000
0.222791	2.280000
0.222996	1.795000
0.223202	0.000000
0.223407	0.000000
0.223612	0.000000
0.223818	0.000000
0.224023	4.057000
0.224228	4.181000
0.224434	4.181000
0.224639	4.057000
0.224844	3.300000
0.225050	2.793000
0.225255	2.793000
0.225460	3.300000
0.225666	2.793000
0.225871	0.290000
0.226076	0.290000
0.226282	0.290000
0.226487	1.969000
0.226692	3.111000
0.226898	3.856000
0.227103	5.140000
0.227308	5.290000
0.227514	5.562000
0.227719	5.562000
0.227924	5.101000
0.228130	5.101000
0.228335	4.850000
0.228540	4.850000
0.228746	5.101000
0.228951	5.253000
0.229156	5.655000
0.229362	5.655000
0.229567	5.290000
0.229772	5.290000
0.229978	5.290000
0.230183	6.265000
0.230388	6.265000
0.230594	5.430000
0.230799	3.208000
0.231004	0.625000
0.231210	0.625000
0.231415	0.625000
0.231620	1.399000
0.231826	3.474000
0.232031	3.711000
0.232236	3.711000
0.232442	4.057000
0.232647	2.676000
0.232852	1.170000
0.233058	0.625000
0.233263	0.000000
0.233469	0.000000
0.233674	0.000000
0.233879	0.000000
0.234085	0.000000
0.234290	0.000000
0.234495	0.000000
0.234701	0.000000
0.234906	2.676000
0.235111	5.290000
0.235317	5.716000
0.235522	5.716000
0.235727	5.562000
0.235933	5.396000
0.236138	4.979000
0.236343	4.979000
0.236549	4.979000
0.236754	5.686000
0.236959	5.686000
0.237165	4.894000
0.237370	4.894000
0.237575	4.057000
0.237781	3.111000
0.237986	1.795000
0.238191	0.000000
0.238397	0.000000
0.238602	0.000000
0.238807	0.000000
0.239013	0.000000
0.239218	0.000000
0.239423	0.000000
0.239629	0.000000
0.239834	0.000000
0.240039	0.000000
0.240245	0.000000
0.240450	0.000000
0.240655	0.000000
0.240861	0.000000
0.241066	0.000000
0.241271	0.000000
0.241477	2.904000
0.241682	3.010000
0.241887	3.208000
0.242093	3.208000
0.242298	3.300000
0.242503	4.355000
0.242709	4.850000
0.242914	5.625000
0.243119	5.775000
0.243325	5.775000
0.243530	5.887000
0.243735	5.716000
0.243941	5.716000
0.244146	5.655000
0.244351	4.713000
0.244557	4.713000
0.244762	4.713000
0.244967	5.253000
0.245173	5.430000
0.245378	5.430000
0.245583	5.593000
0.245789	5.593000
0.245994	5.593000
0.246199	6.021000
0.246405	6.146000
0.246610	6.146000
0.246815	6.146000
0.247021	6.122000
0.247226	6.122000
0.247431	5.915000
0.247637	5.745000
0.247842	5.832000
0.248047	5.430000
0.248253	5.430000
0.248458	5.464000
0.248663	5.430000
0.248869	4.894000
0.249074	4.805000
0.249279	4.410000
0.249485	4.057000
0.249690	3.925000
0.249895	2.280000
0.250101	2.280000
0.250306	2.280000
0.250512	3.389000
0.250717	3.389000
0.250922	2.676000
0.251128	1.969000
0.251333	1.969000
0.251538	1.969000
0.251744	2.420000
0.251949	4.181000
0.252154	5.140000
0.252360	5.216000
0.252565	5.216000
0.252770	4.850000
0.252976	4.850000
0.253181	4.850000
0.253386	4.850000
0.253592	4.894000
0.253797	5.140000
0.254002	5.253000
0.254208	5.361000
0.254413	5.253000
0.254618	5.061000
0.254824	5.021000
0.255029	4.463000
0.255234	4.410000
0.255440	3.635000
0.255645	2.676000
0.255850	1.606000
0.256056	0.000000
0.256261	0.000000
0.256466	0.000000
0.256672	0.000000
0.256877	0.000000
0.257082	0.000000
0.257288	0.000000
0.257493	0.000000
0.257698	0.000000
0.257904	0.000000
0.258109	0.000000
0.258314	0.000000
0.258520	0.000000
0.258725	0.000000
0.258930	0.000000
0.259136	3.010000
0.259341	3.111000
0.259546	3.111000
0.259752	1.795000
0.259957	1.795000
0.260162	0.000000
0.260368	0.000000
0.260573	0.000000
0.260778	0.000000
0.260984	0.000000
0.261189	0.000000
0.261394	0.000000
0.261600	0.000000
0.261805	0.000000
0.262010	0.000000
0.262216	3.556000
0.262421	3.556000
0.262626	0.000000
0.262832	0.000000
0.263037	0.000000
0.263242	0.000000
0.263448	2.280000
0.263653	2.793000
0.263858	3.010000
0.264064	4.120000
0.264269	4.355000
0.264474	4.355000
0.264680	4.616000
0.264885	5.021000
0.265090	5.915000
0.265296	6.146000
0.265501	6.170000
0.265706	6.170000
0.265912	6.097000
0.266117	5.530000
0.266322	5.464000
0.266528	5.216000
0.266733	5.216000
0.266938	5.179000
0.267144	4.616000
0.267349	3.556000
0.267555	3.474000
0.267760	3.389000
0.267965	3.389000
0.268171	2.551000
0.268376	1.969000
0.268581	0.000000
0.268787	0.000000
0.268992	0.000000
0.269197	0.290000
0.269403	2.676000
0.269608	2.904000
0.269813	3.474000
0.270019	4.410000
0.270224	4.463000
0.270429	4.805000
0.270635	5.253000
0.270840	5.253000
0.271045	5.430000
0.271251	5.430000
0.271456	5.430000
0.271661	5.887000
0.271867	5.887000
0.272072	6.170000
0.272277	6.311000
0.272483	6.546000
0.272688	6.665000
0.272893	6.684000
0.273099	6.759000
0.273304	6.935000
0.273509	6.935000
0.273715	6.935000
0.273920	6.918000
0.274125	6.777000
0.274331	6.046000
0.274536	5.887000
0.274741	5.803000
0.274947	5.803000
0.275152	5.887000
0.275357	6.399000
0.275563	6.399000
0.275768	6.122000
0.275973	5.562000
0.276179	5.140000
0.276384	4.665000
0.276589	4.355000
0.276795	4.355000
0.277000	4.355000
0.277205	4.240000
0.277411	4.298000
0.277616	4.298000
0.277821	4.240000
0.278027	3.925000
0.278232	3.925000
0.278437	3.925000
0.278643	4.567000
0.278848	5.179000
0.279053	5.179000
0.279259	4.181000
0.279464	4.181000
0.279669	4.181000
0.279875	4.463000
0.280080	4.616000
0.280285	4.850000
0.280491	4.850000
0.280696	5.140000
0.280901	4.850000
0.281107	3.925000
0.281312	3.856000
0.281517	2.793000
0.281723	2.676000
0.281928	0.000000
0.282133	0.000000
0.282339	0.000000
0.282544	0.000000
0.282749	0.000000
0.282955	0.000000
0.283160	0.000000
0.283365	0.000000
0.283571	0.000000
0.283776	0.000000
0.283981	0.000000
0.284187	0.000000
0.284392	0.000000
0.284597	0.000000
0.284803	0.000000
0.285008	0.000000
0.285214	0.000000
0.285419	0.000000
0.285624	0.000000
0.285830	0.000000
0.286035	0.000000
0.286240	0.000000
0.286446	0.000000
0.286651	0.000000
0.286856	0.000000
0.287062	0.000000
0.287267	0.000000
0.287472	0.000000
0.287678	0.000000
0.287883	0.000000
0.288088	0.000000
0.288294	0.000000
0.288499	0.000000
0.288704	0.000000
0.288910	0.000000
0.289115	0.000000
0.289320	0.000000
0.289526	0.000000
0.289731	0.000000
0.289936	0.000000
0.290142	0.000000
0.290347	0.000000
0.290552	0.000000
0.290758	0.000000
0.290963	0.000000
0.291168	0.000000
0.291374	0.000000
0.291579	0.000000
0.291784	0.000000
0.291990	0.000000
0.292195	0.000000
0.292400	0.000000
0.292606	0.000000
0.292811	0.000000
0.293016	0.000000
0.293222	0.000000
0.293427	0.000000
0.293632	0.000000
0.293838	0.000000
0.294043	0.000000
0.294248	0.000000
0.294454	0.000000
0.294659	2.904000
0.294864	2.904000
0.295070	2.904000
0.295275	1.969000
0.295480	1.399000
0.295686	0.000000
0.295891	0.000000
0.296096	0.000000
0.296302	0.000000
0.296507	0.000000
0.296712	0.000000
0.296918	0.000000
0.297123	0.000000
0.297328	0.000000
0.297534	0.000000
0.297739	0.000000
0.297944	0.000000
0.298150	0.000000
0.298355	0.000000
0.298560	0.000000
0.298766	0.000000
0.298971	0.000000
0.299176	0.000000
0.299382	0.000000
0.299587	0.000000
0.299792	0.000000
0.299998	0.000000
0.300203	0.000000
0.300408	0.000000
0.300614	0.000000
0.300819	0.000000
0.301024	0.000000
0.301230	0.000000
0.301435	0.000000
0.301640	0.000000
0.301846	0.000000
0.302051	1.606000
0.302257	2.551000
0.302462	3.010000
0.302667	3.010000
0.302873	5.061000
0.303078	5.101000
0.303283	5.216000
0.303489	5.860000
0.303694	5.860000
0.303899	5.497000
0.304105	4.894000
0.304310	4.665000
0.304515	3.785000
0.304721	0.000000
0.304926	0.000000
0.305131	0.000000
0.305337	0.000000
0.305542	2.551000
0.305747	2.551000
0.305953	1.969000
0.306158	1.969000
0.306363	1.969000
0.306569	0.000000
0.306774	0.000000
0.306979	0.000000
0.307185	0.000000
0.307390	0.000000
0.307595	0.000000
0.307801	0.000000
0.308006	0.000000
0.308211	0.000000
0.308417	0.000000
0.308622	0.000000
0.308827	0.000000
0.309033	0.000000
0.309238	0.000000
0.309443	0.000000
0.309649	0.000000
0.309854	0.000000
0.310059	2.793000
0.310265	3.111000
0.310470	3.711000
0.310675	4.240000
0.310881	4.355000
0.311086	5.530000
0.311291	5.530000
0.311497	5.775000
0.311702	6.377000
0.311907	6.566000
0.312113	6.777000
0.312318	6.901000
0.312523	6.901000
0.312729	6.046000
0.312934	6.046000
0.313139	6.021000
0.313345	6.021000
0.313550	6.311000
0.313755	6.218000
0.313961	6.311000
0.314166	6.759000
0.314371	6.813000
0.314577	6.813000
0.314782	6.606000
0.314987	5.995000
0.315193	5.995000
0.315398	5.995000
0.315603	6.218000
0.315809	6.218000
0.316014	6.170000
0.316219	6.146000
0.316425	5.530000
0.316630	5.530000
0.316835	5.530000
0.317041	5.179000
0.317246	5.430000
0.317451	5.179000
0.317657	4.665000
0.317862	3.856000
0.318067	3.010000
0.318273	2.420000
0.318478	0.000000
0.318683	0.000000
0.318889	0.000000
0.319094	0.000000
0.319300	0.000000
0.319505	0.000000
0.319710	0.000000
0.319916	0.000000
0.320121	0.000000
0.320326	0.000000
0.320532	0.000000
0.320737	0.000000
0.320942	0.000000
0.321148	0.000000
0.321353	0.000000
0.321558	1.969000
0.321764	2.904000
0.321969	2.904000
0.322174	1.969000
0.322380	0.000000
0.322585	0.000000
0.322790	0.000000
0.322996	0.000000
0.323201	0.000000
0.323406	0.000000
0.323612	0.000000
0.323817	0.000000
0.324022	0.000000
0.324228	0.000000
0.324433	0.000000
0.324638	0.000000
0.324844	0.000000
0.325049	0.000000
0.325254	0.000000
0.325460	0.000000
0.325665	0.000000
0.325870	0.000000
0.326076	0.000000
0.326281	0.000000
0.326486	0.000000
0.326692	0.000000
0.326897	0.000000
0.327102	0.000000
0.327308	0.000000
0.327513	0.000000
0.327718	0.000000
0.327924	0.000000
0.328129	0.000000
0.328334	2.280000
0.328540	3.556000
0.328745	5.562000
0.328950	5.625000
0.329156	5.625000
0.329361	5.915000
0.329566	5.968000
0.329772	6.097000
0.329977	6.265000
0.330182	7.035000
0.330388	7.251000
0.330593	7.251000
0.330798	7.018000
0.331004	6.952000
0.331209	6.952000
0.331414	7.018000
0.331620	7.051000
0.331825	7.067000
0.332030	7.067000
0.332236	6.901000
0.332441	6.311000
0.332646	5.860000
0.332852	5.803000
0.333057	5.686000
0.333262	4.616000
0.333468	4.616000
0.333673	4.298000
0.333878	3.925000
0.334084	0.000000
0.334289	0.000000
0.334494	0.000000
0.334700	0.000000
0.334905	0.000000
0.335110	0.000000
0.335316	3.010000
0.335521	3.300000
0.335726	3.785000
0.335932	3.711000
0.336137	3.711000
0.336342	3.711000
0.336548	3.711000
0.336753	3.711000
0.336959	3.992000
0.337164	3.992000
0.337369	3.992000
0.337575	3.556000
0.337780	2.793000
0.337985	2.793000
0.338191	2.793000
0.338396	2.904000
0.338601	2.904000
0.338807	0.000000
0.339012	0.000000
0.339217	0.000000
0.339423	0.000000
0.339628	0.000000
0.339833	0.000000
0.340039	0.000000
0.340244	0.000000
0.340449	0.000000
0.340655	0.000000
0.340860	0.000000
0.341065	0.000000
0.341271	0.000000
0.341476	0.000000
0.341681	0.000000
0.341887	0.000000
0.342092	0.000000
0.342297	0.000000
0.342503	0.000000
0.342708	0.000000
0.342913	0.000000
0.343119	0.000000
0.343324	0.000000
0.343529	0.000000
0.343735	0.000000
0.343940	0.000000
0.344145	0.000000
0.344351	0.000000
0.344556	0.000000
0.344761	0.000000
0.344967	0.000000
0.345172	0.000000
0.345377	0.000000
0.345583	0.000000
0.345788	0.000000
0.345993	0.000000
0.346199	0.000000
0.346404	0.000000
0.346609	0.000000
0.346815	0.000000
0.347020	0.000000
0.347225	0.000000
0.347431	0.000000
0.347636	0.000000
0.347841	0.000000
0.348047	0.000000
0.348252	0.000000
0.348457	0.000000
0.348663	0.000000
0.348868	0.000000
0.349073	0.000000
0.349279	4.240000
0.349484	4.515000
0.349689	5.464000
0.349895	5.832000
0.350100	5.942000
0.350305	5.942000
0.350511	6.170000
0.350716	6.606000
0.350921	6.684000
0.351127	6.606000
0.351332	6.566000
0.351537	6.218000
0.351743	5.655000
0.351948	4.979000
0.352153	4.979000
0.352359	4.979000
0.352564	5.140000
0.352769	5.290000
0.352975	5.140000
0.353180	4.567000
0.353385	4.057000
0.353591	1.606000
0.353796	0.000000
0.354002	0.000000
0.354207	0.000000
0.354412	0.000000
0.354618	0.000000
0.354823	0.000000
0.355028	0.000000
0.355234	0.000000
0.355439	0.000000
0.355644	0.000000
0.355850	4.120000
0.356055	4.567000
0.356260	4.567000
0.356466	2.130000
0.356671	1.795000
0.356876	0.000000
0.357082	0.000000
0.357287	0.000000
0.357492	0.000000
0.357698	0.000000
0.357903	0.000000
0.358108	0.000000
0.358314	0.000000
0.358519	0.000000
0.358724	0.000000
0.358930	2.904000
0.359135	2.904000
0.359340	0.915000
0.359546	0.000000
0.359751	0.000000
0.359956	0.000000
0.360162	0.000000
0.360367	0.000000
0.360572	0.000000
0.360778	1.969000
0.360983	2.793000
0.361188	2.793000
0.361394	2.904000
0.361599	3.111000
0.361804	3.992000
0.362010	4.463000
0.362215	4.463000
0.362420	4.713000
0.362626	4.713000
0.362831	4.240000
0.363036	3.992000
0.363242	3.992000
0.363447	4.240000
0.363652	4.805000
0.363858	5.464000
0.364063	5.464000
0.364268	5.464000
0.364474	5.625000
0.364679	5.686000
0.364884	5.686000
0.365090	5.686000
0.365295	4.713000
0.365500	3.856000
0.365706	0.000000
0.365911	0.000000
0.366116	0.000000
0.366322	0.000000
0.366527	0.000000
0.366732	2.130000
0.366938	2.130000
0.367143	0.000000
0.367348	0.000000
0.367554	0.000000
0.367759	0.000000
0.367964	0.000000
0.368170	0.000000
0.368375	0.000000
0.368580	0.000000
0.368786	0.000000
0.368991	0.000000
0.369196	0.000000
0.369402	0.000000
0.369607	0.000000
0.369812	0.000000
0.370018	0.000000
0.370223	0.000000
0.370428	0.000000
0.370634	0.000000
0.370839	0.000000
0.371045	0.000000
0.371250	0.000000
0.371455	0.000000
0.371661	0.000000
0.371866	0.000000
0.372071	0.000000
0.372277	0.000000
0.372482	0.000000
0.372687	0.000000
0.372893	0.000000
0.373098	0.000000
0.373303	0.000000
0.373509	0.000000
0.373714	0.000000
0.373919	0.000000
0.374125	0.000000
0.374330	0.000000
0.374535	0.915000
0.374741	0.915000
0.374946	0.000000
0.375151	0.000000
0.375357	0.000000
0.375562	0.000000
0.375767	0.000000
0.375973	0.915000
0.376178	3.389000
0.376383	3.474000
0.376589	3.389000
0.376794	0.915000
0.376999	0.000000
0.377205	0.000000
0.377410	0.000000
0.377615	0.000000
0.377821	0.000000
0.378026	0.000000
0.378231	0.000000
0.378437	0.000000
0.378642	0.000000
0.378847	0.000000
0.379053	0.000000
0.379258	0.000000
0.379463	0.000000
0.379669	0.000000
0.379874	0.000000
0.380079	0.000000
0.380285	0.000000
0.380490	0.000000
0.380695	0.000000
0.380901	0.000000
0.381106	0.000000
0.381311	0.000000
0.381517	0.000000
0.381722	0.000000
0.381927	0.000000
0.382133	0.000000
0.382338	0.000000
0.382543	0.000000
0.382749	0.000000
0.382954	0.000000
0.383159	0.000000
0.383365	0.000000
0.383570	0.000000
0.383775	0.000000
0.383981	0.000000
0.384186	0.000000
0.384391	0.000000
0.384597	0.000000
0.384802	0.000000
0.385007	0.000000
0.385213	0.000000
0.385418	0.000000
0.385623	0.000000
0.385829	0.000000
0.386034	0.000000
0.386239	0.000000
0.386445	0.000000
0.386650	1.399000
0.386855	3.010000
0.387061	3.556000
0.387266	4.240000
0.387471	4.567000
0.387677	4.850000
0.387882	5.140000
0.388087	5.216000
0.388293	5.361000
0.388498	5.361000
0.388704	5.593000
0.388909	5.361000
0.389114	5.326000
0.389320	4.979000
0.389525	4.181000
0.389730	4.181000
0.389936	3.856000
0.390141	3.208000
0.390346	0.000000
0.390552	0.000000
0.390757	0.000000
0.390962	0.000000
0.391168	0.000000
0.391373	0.000000
0.391578	0.625000
0.391784	1.606000
0.391989	3.556000
0.392194	3.785000
0.392400	3.785000
0.392605	1.795000
0.392810	0.000000
0.393016	0.000000
0.393221	0.000000
0.393426	0.000000
0.393632	0.000000
0.393837	0.000000
0.394042	0.000000
0.394248	0.000000
0.394453	0.290000
0.394658	0.290000
0.394864	1.795000
0.395069	1.795000
0.395274	2.280000
0.395480	3.635000
0.395685	3.992000
0.395890	3.635000
0.396096	3.635000
0.396301	3.111000
0.396506	2.676000
0.396712	2.676000
0.396917	2.676000
0.397122	4.760000
0.397328	5.745000
0.397533	5.745000
0.397738	5.775000
0.397944	5.625000
0.398149	5.179000
0.398354	5.061000
0.398560	5.061000
0.398765	5.061000
0.398970	4.616000
0.399176	3.208000
0.399381	0.000000
0.399586	0.000000
0.399792	0.000000
0.399997	0.000000
0.400202	0.000000
0.400408	0.000000
0.400613	0.000000
0.400818	0.000000
0.401024	0.000000
0.401229	0.000000
0.401434	0.000000
0.401640	0.000000
0.401845	0.000000
0.402050	0.000000
0.402256	0.000000
0.402461	0.000000
0.402666	0.000000
0.402872	0.000000
0.403077	0.000000
0.403282	0.000000
0.403488	0.000000
0.403693	0.000000
0.403898	3.992000
0.404104	4.665000
0.404309	4.665000
0.404514	3.925000
0.404720	3.711000
0.404925	3.711000
0.405130	2.793000
0.405336	2.793000
0.405541	2.676000
0.405747	2.130000
0.405952	2.130000
0.406157	2.676000
0.406363	4.181000
0.406568	4.181000
0.406773	3.925000
0.406979	3.785000
0.407184	3.785000
0.407389	2.676000
0.407595	2.551000
0.407800	0.915000
0.408005	0.915000
0.408211	0.290000
0.408416	0.000000
0.408621	0.000000
0.408827	0.000000
0.409032	2.551000
0.409237	2.676000
0.409443	3.300000
0.409648	3.474000
0.409853	3.785000
0.410059	3.856000
0.410264	3.856000
0.410469	3.856000
0.410675	3.635000
0.410880	3.208000
0.411085	3.208000
0.411291	3.208000
0.411496	3.925000
0.411701	3.925000
0.411907	3.856000
0.412112	3.856000
0.412317	3.856000
0.412523	4.616000
0.412728	4.979000
0.412933	4.979000
0.413139	3.556000
0.413344	3.556000
0.413549	3.556000
0.413755	4.665000
0.413960	4.665000
0.414165	3.208000
0.414371	0.000000
0.414576	0.000000
0.414781	0.000000
0.414987	0.000000
0.415192	0.000000
0.415397	0.000000
0.415603	0.000000
0.415808	0.000000
0.416013	0.000000
0.416219	0.000000
0.416424	0.000000
0.416629	0.000000
0.416835	0.000000
0.417040	0.000000
0.417245	0.000000
0.417451	0.000000
0.417656	0.000000
0.417861	0.000000
0.418067	0.000000
0.418272	2.551000
0.418477	3.785000
0.418683	4.805000
0.418888	4.805000
0.419093	4.760000
0.419299	2.904000
0.419504	2.130000
0.419709	2.130000
0.419915	2.130000
0.420120	0.000000
0.420325	0.000000
0.420531	0.000000
0.420736	0.000000
0.420941	0.000000
0.421147	0.000000
0.421352	0.000000
0.421557	0.000000
0.421763	0.000000
0.421968	0.000000
0.422173	0.000000
0.422379	0.000000
0.422584	0.000000
0.422790	0.000000
0.422995	0.290000
0.423200	4.665000
0.423406	5.179000
0.423611	5.625000
0.423816	6.242000
0.424022	6.463000
0.424227	6.813000
0.424432	6.813000
0.424638	5.887000
0.424843	5.530000
0.425048	5.179000
0.425254	4.298000
0.425459	4.120000
0.425664	0.000000
0.425870	0.000000
0.426075	0.000000
0.426280	0.000000
0.426486	0.000000
0.426691	0.000000
0.426896	0.000000
0.427102	0.000000
0.427307	0.000000
0.427512	0.000000
0.427718	0.000000
0.427923	0.000000
0.428128	0.000000
0.428334	0.000000
0.428539	0.000000
0.428744	0.000000
0.428950	1.399000
0.429155	1.399000
0.429360	1.399000
0.429566	1.399000
0.429771	2.676000
0.429976	3.785000
0.430182	3.785000
0.430387	1.399000
0.430592	0.000000
0.430798	0.000000
0.431003	0.000000
0.431208	0.000000
0.431414	0.000000
0.431619	0.000000
0.431824	0.000000
0.432030	0.000000
0.432235	0.000000
0.432440	0.000000
0.432646	0.000000
0.432851	0.000000
0.433056	0.000000
0.433262	0.000000
0.433467	0.000000
0.433672	0.000000
0.433878	0.000000
0.434083	0.000000
0.434288	0.000000
0.434494	0.000000
0.434699	0.000000
0.434904	0.000000
0.435110	2.551000
0.435315	3.856000
0.435520	4.760000
0.435726	4.760000
0.435931	4.760000
0.436136	4.937000
0.436342	4.937000
0.436547	4.937000
0.436752	5.942000
0.436958	6.170000
0.437163	6.935000
0.437368	7.083000
0.437574	7.221000
0.437779	7.221000
0.437984	6.866000
0.438190	6.866000
0.438395	6.866000
0.438600	6.986000
0.438806	7.051000
0.439011	6.986000
0.439216	6.526000
0.439422	6.355000
0.439627	6.046000
0.439832	5.915000
0.440038	5.887000
0.440243	5.396000
0.440449	5.140000
0.440654	3.474000
0.440859	2.793000
0.441065	0.000000
0.441270	0.000000
0.441475	0.000000
0.441681	3.474000
0.441886	4.181000
0.442091	4.181000
0.442297	4.181000
0.442502	3.556000
0.442707	3.556000
0.442913	3.111000
0.443118	3.111000
0.443323	2.280000
0.443529	1.170000
0.443734	0.000000
0.443939	0.000000
0.444145	0.000000
0.444350	0.000000
0.444555	0.000000
0.444761	0.000000
0.444966	0.000000
0.445171	0.000000
0.445377	0.000000
0.445582	0.000000
0.445787	0.000000
0.445993	0.000000
0.446198	0.000000
0.446403	0.000000
0.446609	0.000000
0.446814	0.000000
0.447019	0.000000
0.447225	0.000000
0.447430	0.000000
0.447635	0.000000
0.447841	0.000000
0.448046	0.000000
0.448251	0.000000
0.448457	0.000000
0.448662	0.000000
0.448867	0.000000
0.449073	0.000000
0.449278	0.000000
0.449483	0.000000
0.449689	0.000000
0.449894	0.000000
0.450099	0.000000
0.450305	0.000000
0.450510	0.000000
0.450715	0.000000
0.450921	0.000000
0.451126	0.000000
0.451331	0.000000
0.451537	0.000000
0.451742	0.000000
0.451947	0.000000
0.452153	0.000000
0.452358	0.000000
0.452563	0.000000
0.452769	0.000000
0.452974	0.000000
0.453179	0.000000
0.453385	0.000000
0.453590	0.000000
0.453795	0.000000
0.454001	0.000000
0.454206	0.000000
0.454411	0.625000
0.454617	0.625000
0.454822	2.130000
0.455027	2.420000
0.455233	0.915000
0.455438	3.300000
0.455643	3.474000
0.455849	3.992000
0.456054	4.181000
0.456259	4.515000
0.456465	4.760000
0.456670	4.805000
0.456875	4.515000
0.457081	1.399000
0.457286	1.399000
0.457492	1.399000
0.457697	3.010000
0.457902	4.410000
0.458108	4.410000
0.458313	1.969000
0.458518	0.000000
0.458724	0.000000
0.458929	0.000000
0.459134	3.111000
0.459340	3.556000
0.459545	3.635000
0.459750	3.635000
0.459956	2.551000
0.460161	0.000000
0.460366	0.000000
0.460572	0.000000
0.460777	0.000000
0.460982	0.000000
0.461188	0.000000
0.461393	0.000000
0.461598	0.000000
0.461804	0.000000
0.462009	0.000000
0.462214	0.000000
0.462420	0.000000
0.462625	0.000000
0.462830	0.000000
0.463036	0.000000
0.463241	0.000000
0.463446	0.000000
0.463652	0.000000
0.463857	0.000000
0.464062	0.000000
0.464268	0.000000
0.464473	0.000000
0.464678	0.000000
0.464884	0.000000
0.465089	0.000000
0.465294	0.000000
0.465500	0.000000
0.465705	0.000000
0.465910	0.000000
0.466116	0.000000
0.466321	0.000000
0.466526	0.000000
0.466732	0.000000
0.466937	0.000000
0.467142	0.000000
0.467348	0.000000
0.467553	0.000000
0.467758	1.170000
0.467964	0.000000
0.468169	1.399000
0.468374	1.399000
0.468580	4.463000
0.468785	4.979000
0.468990	5.216000
0.469196	5.216000
0.469401	4.567000
0.469606	4.567000
0.469812	4.567000
0.470017	4.805000
0.470222	4.805000
0.470428	3.208000
0.470633	2.551000
0.470838	0.915000
0.471044	0.000000
0.471249	0.000000
0.471454	0.000000
0.471660	0.000000
0.471865	0.000000
0.472070	0.000000
0.472276	0.000000
0.472481	0.000000
0.472686	0.000000
0.472892	0.000000
0.473097	0.000000
0.473302	0.000000
0.473508	0.000000
0.473713	0.000000
0.473918	0.000000
0.474124	0.000000
0.474329	0.000000
0.474535	0.000000
0.474740	0.000000
0.474945	0.000000
0.475151	0.000000
0.475356	0.000000
0.475561	0.000000
0.475767	0.000000
0.475972	0.000000
0.476177	0.000000
0.476383	0.000000
0.476588	0.000000
0.476793	0.000000
0.476999	0.000000
0.477204	0.000000
0.477409	0.000000
0.477615	0.000000
0.477820	0.000000
0.478025	0.000000
0.478231	0.000000
0.478436	0.000000
0.478641	0.000000
0.478847	0.000000
0.479052	0.000000
0.479257	0.000000
0.479463	0.000000
0.479668	0.000000
0.479873	0.000000
0.480079	0.000000
0.480284	0.000000
0.480489	0.000000
0.480695	0.000000
0.480900	0.000000
0.481105	0.000000
0.481311	0.000000
0.481516	0.000000
0.481721	0.000000
0.481927	0.000000
0.482132	0.000000
0.482337	0.000000
0.482543	0.000000
0.482748	1.170000
0.482953	2.420000
0.483159	3.992000
0.483364	4.057000
0.483569	4.937000
0.483775	5.562000
0.483980	5.655000
0.484185	5.942000
0.484391	5.968000
0.484596	6.333000
0.484801	6.333000
0.485007	5.887000
0.485212	5.860000
0.485417	3.925000
0.485623	3.785000
0.485828	3.300000
0.486033	0.000000
0.486239	0.000000
0.486444	0.000000
0.486649	0.000000
0.486855	0.000000
0.487060	0.000000
0.487265	0.000000
0.487471	0.000000
0.487676	0.000000
0.487881	0.000000
0.488087	0.000000
0.488292	0.000000
0.488497	0.000000
0.488703	0.000000
0.488908	0.000000
0.489113	0.000000
0.489319	0.000000
0.489524	0.000000
0.489729	2.420000
0.489935	4.240000
0.490140	4.240000
0.490345	1.969000
0.490551	0.290000
0.490756	0.000000
0.490961	0.000000
0.491167	0.000000
0.491372	0.000000
0.491577	0.000000
0.491783	0.000000
0.491988	0.000000
0.492194	0.000000
0.492399	0.000000
0.492604	0.000000
0.492810	0.000000
0.493015	0.000000
0.493220	0.000000
0.493426	0.000000
0.493631	0.000000
0.493836	0.000000
0.494042	0.000000
0.494247	0.000000
0.494452	0.000000
0.494658	0.000000
0.494863	0.000000
0.495068	0.000000
0.495274	0.000000
0.495479	0.000000
0.495684	0.000000
0.495890	0.000000
0.496095	0.000000
0.496300	0.000000
0.496506	0.000000
0.496711	0.000000
0.496916	0.000000
0.497122	0.000000
0.497327	0.000000
0.497532	0.000000
0.497738	0.000000
0.497943	0.000000
0.498148	0.000000
0.498354	0.000000
0.498559	0.000000
0.498764	0.000000
0.498970	0.000000
0.499175	0.000000
0.499380	0.000000
0.499586	0.000000
0.499791	0.000000
0.499996	0.000000
0.500202	0.000000
0.500407	0.000000
0.500612	0.000000
0.500818	0.000000
0.501023	0.000000
0.501228	0.000000
0.501434	0.000000
0.501639	0.000000
0.501844	0.000000
0.502050	2.904000
0.502255	3.925000
0.502460	3.992000
0.502666	4.120000
0.502871	3.925000
0.503076	0.000000
0.503282	0.000000
0.503487	0.000000
0.503692	0.000000
0.503898	0.000000
0.504103	0.000000
0.504308	0.000000
0.504514	0.000000
0.504719	0.000000
0.504924	0.000000
0.505130	0.000000
0.505335	0.000000
0.505540	1.969000
0.505746	2.904000
0.505951	2.904000
0.506156	2.676000
0.506362	2.676000
0.506567	2.676000
0.506772	4.240000
0.506978	4.567000
0.507183	5.216000
0.507388	5.593000
0.507594	6.146000
0.507799	6.333000
0.508004	6.333000
0.508210	6.333000
0.508415	6.194000
0.508620	5.530000
0.508826	4.355000
0.509031	3.856000
0.509237	2.551000
0.509442	0.000000
0.509647	0.000000
0.509853	0.000000
0.510058	0.000000
0.510263	0.000000
0.510469	0.000000
0.510674	0.000000
0.510879	0.000000
0.511085	0.000000
0.511290	0.000000
0.511495	0.000000
0.511701	0.000000
0.511906	0.000000
0.512111	0.000000
0.512317	0.000000
0.512522	0.000000
0.512727	0.000000
0.512933	0.000000
0.513138	0.000000
